8576 4121 7451
8042 4175 1557
6126 3639 4035
5037 4804 4369
2909 1583 480
8000 6472 26
1451 1338 693
8803 6657 2236
8192 6637 2041
8201 7612 3600
9542 4198 7762
677 618 488
3375 1834 2911
8111 5436 4647
9295 3519 3851
5279 1743 3745
1927 40 862
1297 280 433
436 29 113
771 401 4
3457 2555 3394
5065 4291 1996
8198 6116 6116
7230 4526 4334
1061 338 874
6453 757 4478
9268 3277 7029
5167 2167 4538
2664 2217 1233
5624 4800 704
8570 2353 1939
5523 3825 3456
8565 7970 5515
8142 7996 5860
6049 850 1379
577 157 370
601 383 245
9075 924 8349
7723 7715 2744
9850 6648 1447
7323 4312 7095
6187 1396 5894
7393 2270 52
9661 8686 611
9103 98 5680
4993 1383 888
9439 4251 1317
1226 37 811
1826 122 1508
1767 649 364
8173 1262 7162
8622 2719 2989
5933 4608 3390
42 27 15
1874 1256 1104
7758 1208 6058
409 189 24
307 28 248
2394 1760 1745
353 106 331
4409 3914 1929
9629 3984 8415
6673 3321 228
5853 1942 204
9120 4970 7360
9811 7978 1206
3281 3026 2482
6662 6132 2238
8941 2329 5
9629 2283 3200
179 10 69
8660 8347 8469
9260 339 6083
4120 1768 8
9711 4725 4320
4239 36 3510
4852 3929 2421
3467 431 1766
617 343 332
157 105 45
4458 3161 1993
3728 1917 1309
7560 3217 4537
3828 3419 1417
3850 1029 1465
3002 1391 727
6965 3597 1777
5652 3837 5445
1490 70 285
9203 3631 5734
4522 1243 3190
3164 202 1280
4343 4095 1476
4749 2889 2150
9872 3038 6764
5058 451 4213
2991 1213 2530
797 321 420
2906 774 2066
4201 2245 1612
7434 4847 5669
7932 1877 1
481 273 117
1018 445 145
635 500 196
9173 4739 2157
4565 2541 3308
758 83 137
4271 1210 533
1836 1175 1403
3733 3530 2714
9147 2397 8697
5839 5699 153
19 4 1
13 5 5
4177 2547 3697
2150 2143 1738
3019 872 1040
4939 717 1508
4877 1186 4646
7513 6750 2933
1310 733 733
1755 634 1564
6814 1842 934
5147 2890 1200
6545 2384 659
9343 7294 89
8675 1956 8396
4217 196 2571
6736 3971 4384
7876 3252 6636
7911 2932 3453
3237 1835 1802
2105 364 131
6405 2662 2248
2059 1241 727
1457 1059 935
9075 4361 8761
4787 4292 994
5785 4717 1691
3859 1069 253
3923 364 3770
7110 5518 1468
4993 2595 4963
3366 1462 1462
1964 451 997
5099 3437 2864
443 390 416
1576 1487 663
6702 4806 30
1886 1600 669
811 314 646
9684 7058 1424
5097 2013 2323
503 94 156
4392 4146 2588
300 11 131
7220 1395 5593
566 49 447
8351 1442 6053
2868 1091 1396
5807 3679 1242
7417 3655 5802
8411 1495 5824
157 111 58
6224 2579 4531
150 145 25
641 639 636
3755 1123 2254
1553 944 1081
5359 2713 1494
2913 1840 2002
4987 4846 4530
6883 3428 2208
5338 4531 4770
5889 5633 5521
4727 2084 494
997 202 473
3642 3115 2588
2837 434 1939
5543 1914 132
2452 455 43
6878 3449 4243
2069 838 1634
2157 1942 1546
6778 5798 962
1298 893 1189
9727 7554 5478
7417 1427 7294
7450 855 6125
8096 464 4672
8758 1212 61
7385 1837 1090
4345 4276 2961
9343 2271 2346
9932 902 8748
3947 2570 3929
7883 5614 4585
2018 953 1338
3916 2108 716
4703 629 638
7321 1480 5512
4030 2162 2680
7048 192 1424
4748 4115 4477
9094 3296 4920
6750 2070 0
1148 395 681
9094 2722 1260
296 138 64
2394 1156 2248
912 310 256
6262 296 3110
4657 2487 4466
2203 309 3
7757 7394 6016
3061 1834 789
283 94 269
2724 2105 1051
337 330 1
4198 4112 3988
8972 2149 8561
6379 2092 523
1472 635 58
2337 1335 180
5987 421 4019
4852 1217 3449
80 10 67
3469 3180 904
733 654 514
9811 6437 7723
6140 5465 4265
2015 255 820
2766 2253 621
499 51 30
5774 4686 540
6762 1931 2897
9413 3366 2529
5153 4069 4792
7391 3137 1051
4504 376 2352
7963 4557 779
1777 1222 589
1302 345 1054
650 153 563
1051 1039 511
196 139 83
6779 4053 4254
1738 681 836
1913 163 775
3907 3224 1812
5020 2438 1764
6274 2839 1287
1084 734 280
4299 1741 3585
3701 101 1918
1501 839 32
3190 2258 2706
9409 6586 3913
5298 85 3019
8076 1232 3712
3061 612 2997
7579 1734 311
192 35 121
6068 5796 5532
3957 2911 2884
3313 2811 216
537 181 7
4055 1206 3506
8942 2378 4412
1416 458 272
914 142 10
9043 7663 7417
4862 563 3617
3169 1509 160
8999 6945 6845
2063 86 672
9351 3412 1945
9871 2913 7641
4243 4148 222
2791 1947 2257
5488 4299 4536
1162 730 366
4297 700 1971
7097 4062 5454
2287 1440 592
5320 1797 2813
2969 2636 1783
5950 1722 1652
969 320 197
817 177 344
7206 5182 515
4909 2216 4700
995 401 616
5035 3680 4800
3995 3629 399
6571 4936 1109
2842 2137 1451
4673 3086 962
304 218 132
1109 997 1075
4463 2606 2330
3911 3690 1119
6571 1044 3394
5407 4030 412
6021 1850 844
4596 633 1281
1426 376 70
4865 845 3105
3553 3247 2321
4205 4179 210
6248 3529 5389
782 282 348
6883 5639 2218
1218 506 886
7834 4689 375
7773 6070 3781
4903 4050 2955
7333 1543 2402
5113 2667 1429
9483 4152 6001
258 107 133
3924 3454 3150
9316 3648 324
8929 5393 7966
7313 3309 5008
7865 1345 768
5450 5375 1958
4765 609 2401
1917 1693 316
775 323 53
7515 1271 2286
7937 5441 1519
7021 2623 4832
9311 5085 1343
3557 2059 2141
2572 2451 2467
3556 3400 244
1666 83 1597
337 332 125
6882 1223 4405
6205 4646 5150
618 42 72
8714 6637 235
3737 1975 3233
3861 2270 3754
4311 2159 3520
2291 1363 434
2950 1724 2376
2944 1557 1461
3646 1725 3097
5849 4849 4482
4336 4057 3873
6907 1266 4384
1584 850 928
3797 1494 620
7187 1232 4172
8184 5273 4073
6832 244 4880
7163 7049 1444
7281 2309 4932
6943 6826 3245
675 356 290
4547 3965 3395
3803 2497 2566
5357 587 669
660 76 496
1656 439 63
8059 2796 1241
6150 3676 2176
8563 270 1028
2660 1073 177
4830 1891 3714
3977 2594 3710
3191 1578 1164
551 74 384
7229 409 5952
657 137 446
669 469 459
5162 2915 1285
5576 1180 3976
9019 5756 6408
604 539 393
458 108 442
9783 1049 806
9743 3672 8008
4943 3854 4668
5270 304 3504
8955 6034 1516
5399 830 1384
1099 1004 1004
113 63 60
6815 3944 6264
3637 3602 2066
8209 7356 4561
5538 3146 2678
3095 632 1036
6215 4561 5948
509 476 43
3089 215 2371
1607 1195 390
3933 1533 3582
7219 4246 4164
579 317 202
4554 1369 4195
8900 6527 645
7736 2231 5423
631 240 69
4859 4106 759
4371 2254 2002
6788 5277 1755
7178 4808 4808
313 148 82
1270 211 371
3370 261 3091
6317 3795 2243
6674 6582 6040
6211 940 2657
2854 1042 1996
9326 9283 8771
8840 4120 1600
2961 1557 1508
1266 1176 756
7207 2817 1804
4935 276 3846
2188 795 247
4180 146 2876
3527 1140 3021
2489 964 505
4751 3507 2920
7739 3101 7195
5549 2065 772
9127 6339 8389
5506 245 1056
4406 459 3797
8261 7674 7784
7211 5410 1708
4077 775 4051
1136 256 32
2065 10 435
9429 4259 610
3463 1749 1108
3192 761 2466
981 39 909
5657 1731 5102
5717 1507 3950
8287 2718 2780
9140 6844 4043
9260 1009 6489
8143 3965 18
8129 631 7027
3121 1314 2950
7043 3638 2345
3983 1865 1585
4391 2594 3819
5633 3989 4051
8814 3763 6223
3029 2445 2029
5308 1077 2502
3036 2245 2864
1981 226 820
4536 613 2305
1211 16 494
7526 5622 4356
7627 3897 6039
2057 545 1157
463 445 358
8080 4269 3509
5393 1612 3534
6784 1333 4159
9830 5471 8051
9867 5271 7188
9883 5841 2629
9430 5238 7914
1480 229 601
229 66 178
1459 529 475
9642 9456 3786
4129 1631 573
8540 4638 5838
2179 1819 131
2657 169 379
8761 6079 7348
165 41 116
7421 3684 376
2262 747 2151
5737 2311 4596
4243 575 1204
8641 3356 5772
6163 4288 286
6892 5398 1188
8566 6217 4989
6657 838 4973
6793 103 3780
6449 2240 1948
1900 1014 1464
4519 3785 3586
5349 2134 1780
2967 2708 642
7402 4607 3689
1234 336 152
20 18 12
8781 5553 4532
372 77 109
2509 422 2169
3005 385 150
3430 1568 1372
5901 3889 4096
6701 954 4711
4591 497 2866
8161 6875 3185
4049 3291 612
6671 3809 4508
6996 6144 3720
3071 2711 2690
1568 1176 0
70 16 35
6491 2430 6293
6474 5916 300
6977 1903 1795
8472 86 6519
2776 1410 1967
5667 5278 5545
4675 2529 4181
6369 2173 799
8703 988 4480
852 534 728
1571 732 1532
9824 5347 900
4933 2483 579
9403 1868 1631
2927 439 1050
1331 216 74
6116 2344 1637
639 152 584
6880 3498 5888
3338 2615 385
491 103 346
854 105 329
5817 4000 4219
2683 43 1168
9606 5413 6043
6293 3756 1206
7361 2159 2091
3539 928 3230
4434 1850 2500
4055 3280 310
3818 114 2727
1812 643 31
2578 556 392
8649 8543 601
8783 4639 6978
9044 4552 685
9929 201 7193
9198 5437 3209
4723 3730 2663
1585 1455 1445
2652 494 52
7505 2225 5210
2445 1385 1000
1282 388 671
1163 1059 431
4464 3060 3456
4517 1669 2178
7529 2747 3403
9013 5261 6664
7480 5783 7329
1375 1095 996
4183 2163 1740
5177 4632 1919
9721 284 6565
5577 1735 1034
3407 771 2827
8599 3028 3311
109 21 5
4871 2532 3475
1975 1692 416
9578 6832 3766
7084 1378 636
7573 766 2095
391 6 161
727 2 619
3637 2480 1956
7369 378 1167
655 592 542
8753 4351 8219
854 390 460
1109 340 1066
255 41 141
4138 112 631
6022 763 1493
1332 1209 1073
8213 6645 3431
3163 2649 1297
6470 3345 532
2018 107 348
2345 2125 1450
8370 1543 3199
5525 1452 4174
5502 1257 1887
344 184 288
1826 358 1710
5131 5022 3009
6566 967 6564
4692 2450 2888
6701 1909 6404
4856 4558 3886
3483 834 81
4866 3375 534
5544 1516 4552
339 62 210
923 179 542
9575 1400 2850
2944 753 1201
1285 3 272
7184 3176 1755
6639 1261 5554
7607 2265 2154
115 108 65
353 209 188
599 8 492
9886 7023 8981
1506 90 1200
1693 231 969
2909 233 868
8209 4847 206
9563 2421 8560
6459 196 4462
5743 3690 1002
2339 1647 435
8627 1494 4288
7726 4376 6128
8579 84 1949
527 20 133
4091 2539 3752
9362 3695 8531
258 248 160
3431 1097 2212
9873 5938 2347
8933 225 4483
983 164 359
9898 467 3784
7049 3217 2172
6226 3859 4666
6608 913 5137
8160 6507 2721
6082 3815 3815
5279 4766 729
5266 2234 1169
7290 4539 6531
5303 575 3529
4149 3649 244
1013 163 110
4725 2285 2339
11 8 2
161 57 43
7247 6832 2481
2002 200 1600
8089 6252 5637
5141 82 4624
9990 8137 4933
7687 2047 3709
23 11 21
4581 2573 4103
7103 6896 4918
3753 2056 685
7363 3186 6280
5351 4605 3086
6124 3193 3205
7795 3509 6674
6319 6004 6122
7465 6418 6311
8951 8040 7362
5867 3713 3616
981 767 670
585 225 90
8595 5452 3679
7918 3497 2025
8416 6977 6871
9385 3649 7799
634 439 367
3851 2962 3496
8265 1886 1016
7656 1582 6664
6143 4726 4864
2837 2762 2741
2582 1853 415
8308 2576 7572
2900 120 2400
6449 543 3483
7109 2736 5064
8412 6410 5476
3323 1008 3056
6198 1544 6146
3433 220 990
2001 1448 988
1542 1479 273
8447 229 1674
5147 1692 4459
3100 2071 147
919 586 565
6867 1432 1095
6917 4659 1320
10 8 6
9850 2127 9389
823 803 765
2465 13 183
4938 2804 4444
5153 1959 920
5370 409 1219
8887 3752 260
8093 5570 4844
2549 949 792
4683 3435 132
48 36 12
5443 5265 5051
8538 134 2056
6272 1877 657
479 318 211
2647 995 114
7727 6777 1280
4159 3780 3312
1893 1443 71
1942 171 1403
8600 984 7136
7552 7024 5376
187 115 69
6421 5385 1728
1979 1710 1606
2872 2832 1680
1740 728 1052
9544 5989 5505
1855 1248 1703
6033 4880 2713
3769 2104 878
6448 4104 4800
8624 6496 7056
4628 4578 484
9697 5028 7300
812 317 765
1669 1308 454
6850 6036 555
1811 553 1202
8081 758 5449
7643 6702 2927
6099 1887 4877
1499 781 1145
2893 1484 1418
7393 3147 2808
3037 2383 93
7194 3870 5586
293 32 243
5730 1279 2911
3086 2697 1593
6803 4305 5151
7351 285 5245
7786 5686 4786
3090 77 715
978 447 474
7719 1520 6014
1872 1634 464
3319 1106 11
5483 3352 1787
727 698 536
5665 2122 221
801 773 235
8327 5048 3541
5207 5150 4334
5716 3491 2645
8209 1285 1957
4809 375 1051
9779 3812 6618
3045 2743 1462
3702 2650 2662
1567 408 1197
3967 623 3745
9868 8862 244
6458 819 107
7037 3739 5946
8681 6981 6663
1665 123 234
2926 1094 2354
8255 1160 45
3422 2552 2726
5410 3224 2686
312 90 168
4871 2572 4814
9560 3754 4902
6408 3200 3208
7503 2708 5266
1297 1014 78
2703 36 626
8929 7845 7717
4779 281 3644
2021 1537 1865
3045 301 995
9302 4404 8428
5483 4618 5456
3478 2076 2294
1019 664 106
9067 9 4324
5570 1122 4888
6056 2854 4944
531 179 503
2865 1546 1471
3529 1436 1874
7631 1353 4481
8799 5780 6322
8291 3668 8256
503 3 49
798 689 529
3847 1119 2018
5099 2401 1391
6719 4737 2606
7438 6329 4018
4503 3505 424
8996 1748 7161
2113 1836 131
1499 937 240
4063 747 290
1947 513 119
1759 984 1599
739 664 9
2066 2058 862
510 185 475
7984 1084 5299
3529 459 2616
3782 3147 1683
971 671 116
7559 6111 1264
6052 5046 1252
2013 1276 352
9833 6262 9319
421 32 120
3227 717 528
181 18 133
3654 1253 1253
9077 8888 5294
8604 1696 1526
4035 1378 3583
9114 2297 8951
7910 3641 7766
9839 6703 4364
4027 3924 3790
6247 250 1948
7184 2827 985
1741 752 1296
9128 5280 5280
3756 2905 2474
2367 1021 424
5237 3856 4820
2151 1707 1098
1999 1705 1052
2004 1965 1677
3301 2556 540
4973 2017 793
4645 394 2144
7130 3590 4210
265 157 70
4610 107 2947
8082 291 2219
1213 358 527
4973 130 4784
2652 136 2176
9144 3648 9072
5923 4195 1266
1243 457 1202
3710 756 1036
4322 1439 167
8314 2891 2933
5365 929 929
150 10 100
3027 1602 2290
94 62 8
4457 1049 4052
8792 1673 1113
6337 4508 3599
4375 1712 3108
7973 6252 5657
9882 9335 9247
8161 1727 403
1998 146 1532
7583 4160 1243
9705 1596 1005
6047 22 978
3321 1121 906
1167 1127 1115
3614 107 1439
7933 4189 6882
719 223 328
8334 3450 4140
6622 3852 3451
4057 1773 2535
3719 1887 2109
2341 554 1749
6582 713 3145
6939 5163 5076
44 15 33
7969 7009 5285
1692 1635 441
7198 6214 3065
1427 604 595
1838 1414 1790
2223 680 1152
5717 4094 3363
1185 36 132
2290 1759 130
4003 2 576
9361 1752 6858
1121 805 596
1549 458 1088
8097 6858 3558
6203 3170 2488
9836 3160 8056
2510 729 1244
721 653 326
8807 8752 4107
475 69 11
2984 1999 2608
7559 3254 1733
4591 343 286
4133 2424 3352
657 194 187
5669 4425 4541
3391 1406 1657
6575 219 6524
5463 3975 4473
157 64 5
6268 3306 3260
3700 448 3508
6197 4461 2313
7776 6107 827
8077 805 2384
7624 6036 1472
2655 94 2611
1050 463 379
5322 860 5296
2798 1204 1671
1478 1074 563
6787 2402 1704
420 194 104
2084 1421 1365
4274 47 819
8782 2923 1547
2375 859 1176
7209 2062 613
948 562 496
9191 4546 4546
8506 1797 1919
4799 2796 117
2529 2231 1176
3209 2507 330
8807 1361 2870
5892 193 4932
7647 3728 976
2709 717 2043
1249 138 554
5905 4780 2581
4391 2160 3286
3988 1390 544
1582 640 236
3418 1352 56
8237 4605 6060
827 751 473
251 219 235
577 113 192
659 354 280
7120 4910 3280
2341 194 624
3434 210 2442
6192 3332 3634
1591 233 778
9872 2824 7968
875 612 727
1841 1218 812
7050 7025 275
3984 1986 576
8255 4529 1
9513 4438 8305
108 28 28
9347 4852 8531
5356 2897 5353
2488 2083 1737
5537 5218 128
4639 2815 563
4822 762 4684
7820 3969 1589
7364 4978 3844
2203 2035 1797
727 522 293
5488 294 0
4073 1280 2038
2105 1936 122
1875 1554 1509
1001 234 585
8713 1140 956
8389 4076 8240
3045 2280 660
9065 4568 1505
6634 551 457
