57
-9
-53
12
-25
9
43
31
95
-29
37
-1
22
44
76
25
-92
-74
-98
-22
65
45
-32
30
68
-85
-96
-56
-8
31
-29
42
-31
-74
-72
-49
38
27
-100
72
-82
4
47
44
32
77
71
-5
-3
-63
-100
-19
1
-75
91
-34
-94
15
-25
13
-64
95
29
62
-18
-18
-17
-20
-17
-4
28
83
-59
38
-3
-27
-26
88
3
27
-16
94
15
54
39
82
-54
78
-36
1
30
83
64
-34
-28
10
-15
84
-88
59
28
-98
-30
97
60
-95
-89
-95
-15
93
-81
71
-67
-41
56
69
-37
19
-29
-3
1
-48
-51
64
96
-68
33
-8
-79
-38
-69
68
90
-64
32
82
-39
70
-3
-54
9
52
-35
-17
35
-44
79
-87
-2
88
-25
26
66
13
-100
22
33
56
-30
46
-41
-1
-95
-98
-100
-93
-43
-59
-41
20
-57
86
29
38
84
93
34
99
-75
-37
-24
50
31
70
-2
-82
27
-93
-22
50
-23
85
90
-21
80
18
-8
-2
49
84
-12
-92
53
-98
38
98
20
-41
4
70
-88
-20
-64
-88
-55
73
30
-99
-6
55
12
2
12
-11
99
-89
50
-16
-90
-63
-20
85
73
44
16
25
35
-39
-19
-17
70
-91
-54
-55
-73
58
55
-54
17
-78
-86
28
-81
-87
37
-90
58
34
61
-40
71
-68
54
-39
-67
7
-34
41
93
66
-24
99
-45
-82
-23
61
68
17
96
-93
-96
68
9
32
26
93
-61
-1
30
-20
-93
90
67
-32
40
-72
8
-6
88
52
60
-3
43
12
64
59
-25
15
-80
-68
3
-30
27
-77
-39
-67
-66
33
-59
81
71
-90
-37
5
-39
76
72
-62
-4
71
-17
-85
55
-86
55
97
-32
60
-45
-18
18
-13
-22
-39
81
31
56
81
50
34
-67
-83
-73
47
52
-78
-7
97
-49
-17
86
-3
1
-26
-26
-6
84
-100
-47
71
84
-13
-93
46
-44
-99
-54
65
40
45
-9
74
34
-32
-69
39
-16
82
45
-51
46
54
-7
92
40
93
-14
20
99
35
3
-58
76
14
35
-82
1
-79
-65
-8
31
80
13
-88
-68
-99
-18
-34
14
2
98
98
51
48
83
69
-54
-80
35
88
2
-81
-9
48
-38
95
-7
58
-55
84
-88
-92
71
-100
11
-51
11
19
-42
69
46
-67
19
88
0
-35
52
6
17
-10
-32
-25
-37
40
77
-74
22
-50
78
-5
84
-43
-68
69
79
31
89
32
55
-7
3
83
0
34
-26
69
-45
-27
53
74
-68
-72
-54
64
-52
22
-84
-57
16
-14
97
40
-86
77
-92
28
-42
-78
24
-47
48
0
14
-31
-52
88
3
75
46
-56
-74
38
51
-58
65
-13
23
-7
-83
91
56
-4
27
-87
-69
52
80
65
94
-91
-96
16
6
-16
-17
54
-94
0
91
18
31
53
70
92
-50
-72
-36
-47
19
48
15
58
-98
60
-45
-18
95
26
39
-14
22
16
-48
-66
9
-71
53
-46
42
26
94
-16
8
45
-58
91
21
-66
-45
49
-1
20
35
-3
-5
10
42
56
-33
-89
-95
-71
-42
-85
-31
34
-30
51
-72
85
-59
-26
75
7
32
-96
-43
-12
40
-73
-41
-61
29
-51
-39
83
-75
-2
55
-42
1
90
87
-43
-66
69
-38
20
-65
5
-94
56
65
-93
-93
-2
95
78
84
-42
95
-35
-96
-65
36
-29
96
-76
-67
31
35
-80
-74
-83
-15
31
-2
-73
44
-59
17
16
1
2
31
-93
-99
14
21
23
-13
41
-6
86
-11
-42
-20
30
73
-79
-92
-65
-34
-9
95
14
-10
69
14
-79
71
92
57
12
-43
91
-32
76
10
54
66
-70
17
-27
57
-13
-9
40
21
5
11
1
-80
52
-97
90
98
6
-17
-79
-73
75
-30
9
-34
57
7
-20
-46
-65
26
-2
-82
-7
-50
83
20
-21
-75
91
-49
-55
22
-43
-77
-17
-57
-47
57
-44
68
-69
-1
61
46
45
-49
-17
-26
92
-49
28
84
70
65
74
20
-38
-28
0
80
-63
-38
-30
76
-61
19
-89
-11
29
-77
-70
-61
2
39
6
42
-73
86
29
-61
75
69
-53
24
39
91
-58
-48
-6
-57
-32
88
41
-57
0
-69
29
26
-90
-46
5
15
62
87
-98
-24
-9
6
-73
-54
-99
-26
42
-66
-93
-73
-16
-52
-100
61
-4
22
-44
20
51
-84
27
3
34
79
34
21
-15
87
57
-82
-9
48
-16
-100
30
98
-91
6
64
-79
-91
-15
-71
-11
54
16
39
-94
60
52
24
2
-53
-99
91
57
-3
-81
50
-14
91
1
-74
81
-31
-46
67
-16
-34
-12
-59
54
41
-75
-21
28
-86
84
-37
42
24
-63
-73
90
55
56
31
-38
61
80
-9
-72
-92
-73
89
81
-78
72
-58
-29
55
31
2
36
-57
84
-19
-53
26
-17
65
-3
48
-29
40
-38
56
-10
46
-95
10
-57
-56
97
-12
-55
-37
-30
66
71
-25
-5
-38
-64
37
-43
-57
-58
-41
-40
-60
57
-96
-19
19
17
-12
-61
-82
-52
25
-50
-18
-75
93
69
82
62
17
19
51
-97
-1
56
-59
-41
65
56
-48
-54
-46
-51
72
