-554 100
395 1005
-99 748
-1017 -601
639 695
-366 55
-852 -129
-1687 -1428
469 947
-427 -389
728 896
958 1641
93 853
321 1061
944 1328
439 870
-1503 -802
976 1497
472 1026
-1896 -1734
-36 799
-1103 -536
-75 947
-959 -535
-1328 -653
-1154 -740
-1628 -787
-2009 -1697
-1717 -1331
-1460 -1058
-1517 -1102
-2015 -1473
102 1065
671 1171
311 933
-389 476
-1211 -372
-965 -129
-1068 -1041
-314 -125
-54 384
-1020 -293
512 1344
-1130 -673
-910 -234
-1897 -1516
209 549
-1861 -1591
54 792
-1026 -189
-503 -313
-2015 -1648
-2004 -1071
104 708
-335 466
-153 439
-245 25
-913 -280
556 1572
812 1416
-854 60
761 1580
863 1625
-1379 -1184
-47 302
-1921 -1684
0 117
-1056 -891
-1729 -1521
-1143 -702
-1724 -1627
205 914
-2005 -1009
-1328 -307
31 193
-424 335
-1878 -1537
-1502 -1226
776 1297
72 77
63 159
570 1254
138 1045
-174 667
-1497 -1328
741 1456
-732 -140
-249 229
137 437
166 978
-182 649
538 551
-108 543
-1541 -950
-142 394
67 997
456 1054
-739 110
584 1161
207 223
-1685 -756
-636 280
-197 -156
-979 -649
-1450 -1081
-767 -633
-83 619
-454 316
-634 68
-1285 -656
-553 -265
-434 -263
-596 -576
-406 -175
434 1409
46 720
605 1416
263 1280
87 802
328 495
178 389
-1606 -593
-552 10
-1167 -488
-1111 -378
266 1056
229 1243
-1462 -1152
-1550 -1204
473 1056
-1400 -962
-1457 -1075
235 804
-331 -221
-1247 -901
831 856
-1835 -1251
-368 379
-349 473
-130 574
845 1812
808 1739
-523 -464
566 810
107 144
960 1282
-886 -820
-790 252
-1194 -260
206 433
17 814
-534 -78
-1610 -1141
-1605 -1343
-1883 -1750
-790 -580
-415 481
-1802 -1070
-882 -194
-525 249
-1609 -1280
-415 393
-1337 -1095
408 938
-1810 -1647
498 904
750 1210
-751 7
-1993 -1432
-12 995
328 1283
484 931
-1266 -228
-1245 -544
434 656
-601 -545
54 399
-1501 -735
-248 729
-496 198
-2005 -1654
258 1153
642 753
-1027 -986
-1866 -1022
-286 -256
-886 -723
100 486
349 509
424 1230
823 1318
-908 -320
120 351
-913 -802
541 718
-1822 -1058
-1204 -1151
-1803 -1105
-1965 -1436
-1491 -1146
628 864
-731 -617
-1572 -1398
-990 -433
60 546
380 855
38 892
-223 -92
-1956 -1142
-108 909
-1458 -513
-1042 -237
-1325 -1051
-812 -461
-606 111
-494 252
-1383 -1315
277 302
-1659 -1064
-753 -534
-1605 -888
-809 -121
-513 142
295 395
-909 -462
-614 -387
-613 168
381 1075
-786 147
-970 -758
-1001 -998
-1542 -1087
965 1929
-1709 -1651
-1953 -1634
-1382 -1170
-1772 -831
121 236
394 1006
-1507 -848
957 1916
-798 -597
-1173 -157
-705 -240
-266 613
-549 -108
-1678 -835
-129 455
-497 -130
326 999
-1376 -1079
-1452 -645
-1907 -1023
131 176
-361 357
-1165 -450
-1622 -963
202 285
-1800 -1648
90 1077
523 1214
-661 340
-1118 -344
329 981
-1432 -1187
-1441 -1059
-1798 -1012
-301 737
32 962
-660 -502
-779 -181
-974 -216
-942 -655
877 1426
264 784
-1224 -374
-1091 -508
-185 61
624 740
959 1995
0 454
557 1557
-1133 -532
-1951 -1512
123 178
-1972 -966
957 1863
848 1194
-796 106
-824 -114
-1636 -1057
-168 380
-581 -197
-378 162
309 853
-1800 -944
607 1430
888 1529
-13 627
-578 -476
-1354 -1002
-1292 -1169
-681 -507
-1600 -639
-1238 -1176
-1019 -879
-269 -107
-645 64
-1914 -1307
-32 533
-650 -407
-1193 -1099
469 930
744 764
-644 -610
-352 221
-381 371
-1485 -1386
-565 -504
-913 -878
-1590 -1418
-1437 -745
-585 257
-1785 -1400
214 1251
-1010 -129
-1250 -1090
-1159 -526
401 1305
-1986 -1971
116 799
-1359 -923
-1671 -1163
-183 705
713 814
-137 609
-435 403
-1574 -1053
-114 545
-1401 -1230
539 952
-1785 -965
932 1440
-392 256
-579 -69
-719 -116
-1235 -966
856 1401
-201 57
-625 -125
-2016 -1859
-545 -52
915 1512
-765 -46
-31 63
-1768 -955
-395 515
-1597 -1393
-633 169
-436 -195
-649 -217
-711 145
-547 460
62 217
-1978 -1019
-356 -132
201 282
207 855
-1117 -375
-1187 -391
840 1121
-1076 -658
-613 -94
474 1240
952 1479
-597 -248
216 950
-1289 -571
-83 111
338 402
-738 -328
240 1069
901 1642
704 1372
94 906
448 1212
-205 408
-1742 -1699
-865 -177
-491 -291
399 1284
-1633 -977
-224 187
914 1530
244 1272
-1228 -346
-1249 -337
476 549
-1495 -618
145 289
-1019 -693
-1179 -396
-982 -894
-1870 -1678
-1633 -883
-716 -188
76 1049
-921 99
-938 -46
194 631
-820 -744
-1163 -244
-1776 -852
-642 -221
-440 -155
-30 538
406 574
307 777
276 421
-1483 -1002
-1964 -1946
269 725
-1297 -1097
868 913
-388 398
8 585
587 1079
11 58
155 425
-943 -302
729 1531
-532 -80
737 890
-1254 -622
-2006 -1905
-1830 -812
-866 53
330 894
119 534
444 1117
-1376 -602
507 692
-854 -665
553 575
-1714 -871
-1102 -753
-1973 -1202
-762 -211
-848 -410
602 753
948 1234
153 492
852 1482
-438 -230
-1483 -842
-470 300
-1125 -658
-1229 -582
-39 508
-668 -6
-438 597
443 814
-1409 -449
-1344 -978
-47 43
36 540
-502 173
-157 91
-577 -431
-1083 -445
-1487 -1258
-1845 -1055
-1891 -1047
808 1524
-1048 -227
230 781
-570 377
-125 165
-323 27
-1821 -858
558 1168
-328 -173
660 826
390 663
-1952 -1168
-1652 -1200
-997 -43
433 1433
-1963 -1174
555 913
-537 -281
-794 -636
-156 863
-1158 -986
429 1140
38 97
509 846
-244 304
-1431 -1351
-435 362
893 1934
-1802 -1640
307 338
19 87
645 1176
875 1239
-1579 -1424
-236 229
258 1222
-1079 -467
-194 447
-1223 -809
-1305 -1281
-462 -349
-1285 -606
605 1555
167 286
-1492 -1067
-1368 -1131
-1655 -652
-117 544
-1671 -664
-1893 -1832
721 878
-1438 -963
-1153 -212
-1806 -1693
-980 -926
-1565 -803
-647 277
-296 488
-1864 -1144
-1723 -1432
-756 -105
-532 -38
692 1726
-792 -132
-1132 -885
-311 239
-564 -399
-1782 -811
52 703
-1441 -963
-1832 -831
555 677
-1695 -1002
-271 343
789 1722
905 1620
536 591
261 998
-653 388
-420 -391
-1324 -929
223 296
349 532
-1877 -1868
897 982
-10 268
700 1243
613 1495
-1109 -1056
-1827 -1131
277 1116
-303 544
-792 20
-1956 -1065
-554 442
-73 928
97 522
-419 132
909 952
444 455
-331 445
463 919
873 1863
442 1371
766 1610
470 629
-682 -498
-1658 -1176
-1990 -1297
-1568 -721
-1330 -650
-552 -315
100 964
-710 23
-589 -137
-681 241
584 1523
537 1093
22 664
74 980
51 920
-1294 -1103
-1749 -1151
-808 -367
-608 163
-301 -157
-526 -136
-1455 -824
420 1050
-1 423
-1305 -462
-1614 -1019
-981 -660
-570 -478
-1973 -1244
-187 -143
-976 -85
-910 -693
-815 -67
-1594 -1480
194 368
-765 -43
-838 -640
656 1546
417 1318
-1060 -1001
146 288
-1210 -529
-1651 -1427
-828 -517
-688 -144
698 1048
-105 643
-1354 -677
-222 256
-886 -610
-282 1
18 684
-186 -181
-1346 -620
-1084 -161
-1767 -1322
690 872
-589 130
38 741
-12 671
614 1533
-1725 -1076
-1432 -966
-1178 -224
-1003 -510
-822 -187
198 730
678 820
-1177 -284
-13 179
-1636 -1566
-1114 -871
-1894 -1719
97 1025
-985 -757
-386 620
-252 157
-1714 -902
105 1000
418 836
122 386
-33 845
-1743 -883
-337 698
-1876 -896
-1234 -528
209 539
-1278 -378
-1825 -1292
735 1196
-1561 -1010
-486 -124
-694 -175
516 1545
36 293
817 953
-1254 -815
353 660
-1016 -709
-385 286
734 1686
-1855 -968
524 1567
-9 683
-1469 -1397
-353 528
-674 -224
967 1563
425 514
-283 138
512 1269
-1404 -581
-1996 -1560
408 721
-1838 -968
220 747
-556 409
-758 -56
843 1507
-1245 -929
-1187 -629
-1809 -1558
-844 -247
-1161 -757
-912 -683
376 899
-314 267
-1389 -1004
-424 -238
476 993
-1801 -1655
-176 164
126 751
682 1159
-367 564
-1033 -574
-258 153
-1536 -1445
-1430 -1372
-1584 -1041
-713 79
-1745 -971
-435 -284
-1858 -1683
455 893
-1596 -1442
735 812
-647 212
-1572 -1176
-943 -106
-1253 -1007
234 258
348 646
530 698
671 826
-1429 -1080
95 151
-688 -115
-1379 -642
53 200
-1288 -900
-1223 -672
-1197 -175
-1841 -1834
-153 40
-2 654
-493 524
-786 -448
-1791 -1780
-1044 -835
-276 6
64 959
-1105 -489
548 889
790 1767
-369 559
427 836
-1621 -1405
130 475
-1356 -412
-114 652
-1661 -1486
160 364
217 1201
-1787 -1624
584 1567
-849 -187
6 92
847 1545
163 320
-1367 -668
-1554 -1238
760 1085
34 102
-92 351
-1137 -274
897 1505
-1818 -1140
-1117 -956
677 1468
790 1627
-1316 -873
-1390 -757
631 1312
191 962
-371 -335
-595 4
-744 -102
-816 2
-1698 -1035
186 218
-1241 -473
-1759 -1683
-1168 -216
-222 26
376 1062
-1082 -545
-1663 -961
-1387 -1345
57 940
-1288 -1217
-1615 -1602
-1941 -1832
-1594 -867
-518 -228
478 922
-989 -560
-1675 -1069
357 1101
-367 121
880 1573
-1782 -1262
-1347 -666
55 408
-1330 -1062
-779 -489
-495 -93
-623 141
-1526 -609
591 1337
-1785 -1370
-173 796
-1945 -942
-1487 -1196
-1003 -159
897 1038
378 1180
-2003 -1892
-1407 -984
-1379 -597
-1313 -554
483 680
-1789 -823
51 579
-1078 -748
-67 455
-746 203
-1114 -479
-1545 -622
787 1215
-542 -375
671 1417
-1070 -1004
87 759
-1580 -1479
-1675 -1481
-1736 -1309
-214 -76
548 582
-1176 -534
-325 721
-634 257
-1217 -1185
692 1649
-1726 -1500
-1662 -774
-653 -265
509 1170
351 540
754 1686
54 278
-1579 -964
159 918
-1804 -1464
-753 -159
383 730
-906 -246
947 1531
298 1164
488 1119
-1264 -438
-128 355
584 1127
-303 734
-615 -348
-1620 -968
29 56
-1562 -650
830 1099
-1337 -702
113 654
-1382 -1150
74 163
-380 -329
-160 694
-215 569
530 1486
283 1071
-1670 -1489
796 1689
-759 -539
-66 563
-573 99
-896 79
-108 644
492 992
-1964 -1948
-545 -347
831 861
-1319 -904
-2008 -1662
830 898
-1265 -1206
-180 733
-336 58
-1203 -229
-2018 -1520
-1425 -1206
-1665 -989
-1581 -909
-806 226
-429 -343
-1321 -964
791 1581
-1650 -1352
314 1350
-814 -602
376 648
127 648
-1685 -1386
-630 390
502 1460
-1560 -935
-23 150
226 1009
-1882 -1331
-1561 -1487
-1252 -334
250 1217
-1510 -690
-994 -481
54 953
-1905 -1499
-625 -279
-590 -267
255 1063
-920 105
-859 -14
-1928 -931
-1230 -1065
-1189 -666
675 1456
-437 51
-1386 -1079
-962 -605
456 1243
335 429
-1210 -843
-762 -64
-1181 -194
217 986
482 929
-1029 -474
220 849
260 1023
-1597 -1055
882 1830
64 884
-1106 -262
490 1271
-1126 -456
561 1066
-895 -541
-702 -570
-553 93
667 1427
-125 24
-814 -483
298 912
513 777
-913 54
-2020 -1770
-225 -78
-234 556
761 1683
-487 164
-1098 -375
-588 -156
-1291 -972
474 1327
331 1021
-1383 -381
-1127 -1051
-1552 -695
94 362
-1771 -1042
326 689
-347 -73
-861 5
-1307 -1198
-1421 -433
-599 -289
42 216
-1877 -1200
-1230 -1008
566 606
-1191 -152
-1597 -1001
626 1160
-532 472
-67 59
847 1755
915 1218
534 755
933 1389
-1436 -1176
-3 786
-934 -455
831 1413
-1460 -831
-695 -254
-291 -231
-887 -560
-1806 -970
-754 236
-203 -103
-759 189
-1647 -959
949 1140
-1986 -1296
-339 246
-931 -676
589 782
6 105
-955 -432
15 1053
257 367
625 1096
555 693
-338 563
773 781
-891 9
-782 -269
-303 -6
-243 398
-90 792
140 1124
630 1462
-1138 -495
299 1192
-462 -347
-130 70
-1966 -1005
-1312 -856
-1080 -982
-1250 -597
-592 -453
-1038 -99
-394 202
-896 -611
289 950
-1610 -599
-271 580
944 1921
-523 -297
-317 -289
-520 -186
-1304 -730
-1564 -1219
859 1777
-1089 -1082
-1860 -1585
-1954 -997
501 653
-1769 -758
-2002 -1531
-805 -678
-258 678
100 1010
-861 -524
796 1124
12 925
582 1484
-1948 -1194
960 1602
753 1407
-1063 -580
-1290 -317
-489 -55
-2010 -1113
461 1507
843 1521
-1413 -1307
838 1666
-1530 -520
151 1123
-1894 -1141
-274 55
-363 -56
235 250
-1203 -646
-1964 -1441
-1747 -1501
-1619 -827
556 738
-651 345
974 1456
-1698 -1016
736 1496
-259 -119
-866 -74
-1653 -1600
-1609 -1210
-1077 -481
-1325 -654
-1419 -669
299 1330
-670 -3
427 649
-1191 -980
860 1091
82 1093
-1004 -704
-688 -87
-694 336
796 1202
-1068 -310
-96 566
27 793
49 590
114 904
-374 66
-1253 -521
-460 -291
-1661 -1538
-150 220
-201 209
-1956 -1508
-1705 -771
-1222 -690
-575 -232
-1997 -959
-751 -236
198 1148
-1913 -1898
-862 -513
-622 -323
-1359 -609
-652 -446
-2006 -1491
-890 -390
-1833 -1539
142 493
-1484 -1294
717 1252
-1894 -1365
-314 -297
-982 -596
12 863
-1427 -951
-661 -25
-588 -397
-799 -407
172 677
-1994 -1493
-628 -586
-1989 -1342
858 891
-1881 -1348
594 635
656 1545
-1024 -19
-464 390
-455 -205
-1003 -709
-51 92
-1523 -766
-1624 -1054
633 1303
729 1693
-214 185
-1526 -1314
-1214 -475
57 1081
-875 -319
-738 -584
-185 271
-1498 -1257
655 1636
-289 38
-1012 -26
-858 -708
-409 333
725 1292
34 902
329 916
215 768
-1549 -503
28 67
-1899 -1764
-987 -142
623 1596
-1325 -357
66 744
-885 -788
-538 467
850 1205
7 1021
0 53
-1027 -748
-1230 -1021
-508 59
-1555 -1525
-1424 -1303
-1128 -733
365 852
265 867
-1865 -1347
-1438 -1291
-1674 -1121
-779 -639
396 923
-2010 -1159
673 1129
417 1167
-482 -330
-1405 -579
-295 71
-1139 -983
9 220
-234 803
-1109 -796
-1408 -485
-628 -376
-417 -384
-1864 -989
-331 82
466 1433
129 1043
700 1742
-1752 -879
-1119 -882
733 1578
194 303
6 312
262 517
-297 345
61 1001
-901 -286
-969 -745
383 427
-912 -371
-919 -555
-257 290
65 571
-80 5
-168 530
-1066 -834
790 1405
221 461
352 1056
-801 -272
218 694
-307 250
584 1302
-304 504
460 1259
816 1675
-1221 -228
421 1012
-1160 -351
-1100 -630
-570 75
205 352
-152 507
251 406
-1469 -435
-1661 -685
-1841 -1271
569 1379
-1223 -1218
535 811
-1915 -1663
919 1599
242 568
810 1131
-1658 -1314
-1286 -432
236 488
38 375
-630 303
-1748 -1154
-1592 -1514
-980 -882
222 972
-719 149
-1898 -1730
-629 -280
-926 -892
-1804 -1581
-1585 -888
-1424 -746
-1230 -631
-1832 -1234
-631 -21
664 1433
61 237
-1073 -161
-1530 -564
768 1678
344 653
-377 226
141 1113
-155 146
-1444 -1284
24 69
632 1072
-499 -22
-1132 -1070
-193 -128
-123 374
204 209
472 872
-1514 -755
-330 24
392 533
-692 -267
-111 782
408 1001
-1746 -985
-1262 -808
443 764
-1073 -968
-975 -702
-844 -677
911 1213
-1495 -886
-406 355
931 1564
-129 19
118 391
-877 -457
-325 717
-655 -158
575 726
-757 -139
604 1502
-468 392
260 687
-1362 -1116
771 823
-736 -153
924 976
-1806 -1294
-154 -97
763 1199
393 512
547 709
-916 -407
61 673
-1688 -782
583 1382
451 1030
-1659 -912
-482 -312
-1518 -975
-1913 -1137
-847 16
-1802 -946
716 1600
170 975
-654 213
-1308 -465
-1402 -837
-49 415
-226 431
-1851 -1065
-1071 -922
-1114 -646
-1812 -1360
285 301
359 956
-1901 -1527
67 801
-1144 -800
-545 -193
398 1355
540 883
-1319 -917
637 1681
-460 -192
-509 -132
846 1522
-248 711
-1939 -1272
-1405 -1345
305 388
347 1220
-1964 -1064
-1697 -1587
-879 -28
364 862
339 859
-1999 -1504
719 771
-696 -35
356 1159
494 1392
-1215 -314
717 1681
-1560 -1197
-649 394
251 566
-1281 -863
-1020 -303
586 852
-1391 -1038
-252 -154
879 1198
888 1412
-442 51
663 1202
-714 -364
-739 -209
-1648 -1445
-232 450
-1200 -552
-2013 -1365
490 582
-1670 -990
554 627
-1081 -350
-368 79
-740 -33
-852 -548
-1902 -1614
-1585 -1092
898 1278
-1542 -741
-1455 -755
786 1751
-727 213
-308 710
-1234 -227
-1682 -1332
-1610 -588
695 1473
-1963 -1318
-1569 -1470
-785 -89
-1342 -417
31 702
664 678
-1224 -305
-1919 -1193
-934 -918
560 683
720 841
-483 298
455 822
191 969
-471 -57
-1118 -164
411 947
405 936
-260 -91
-841 -151
55 157
844 1069
722 1149
-326 611
-952 -389
-1695 -964
-820 -766
-1318 -1235
-209 608
262 445
-572 381
-1093 -828
250 1161
955 1268
-614 -348
-1747 -1048
-1958 -1491
-1048 -1042
744 1728
533 1187
451 673
581 956
614 1422
-1557 -925
-450 -231
-1389 -732
423 600
106 385
-1966 -1824
-200 413
-478 -474
-1684 -870
367 1220
686 1501
970 1443
-1197 -199
-262 410
-1356 -347
-1898 -1190
-936 -850
-1828 -1574
-1756 -1507
970 1449
128 1096
-1789 -1349
-1804 -1133
172 631
-198 837
-625 -318
597 687
-816 -590
403 851
-122 -30
-1089 -199
-924 -461
-1574 -1454
-559 -411
-901 -590
-1355 -593
932 1641
-267 570
-1745 -847
712 1314
-1055 -910
-550 -244
-1762 -1099
-1015 -135
797 871
-961 -823
-1507 -979
856 940
-352 -266
36 872
-1961 -1010
-393 186
22 506
-713 -6
-1678 -838
-131 309
-1176 -634
640 1197
-680 -420
-369 216
-703 -290
-1107 -434
662 880
113 369
698 1599
-321 133
625 1658
-95 82
-553 -529
530 1316
364 896
-1507 -515
-1240 -626
-431 333
483 754
-40 576
456 501
-1848 -1676
-845 -406
-1359 -412
-1679 -1523
-1408 -471
807 1076
707 839
-666 298
926 1328
-419 96
-1146 -1037
-1080 -809
524 750
-1241 -399
469 615
442 600
-273 635
331 1076
350 1054
-892 -431
-1800 -1764
771 1399
-931 -648
-1645 -1100
-397 -147
566 1333
737 912
552 853
-1397 -702
-1051 -196
-1531 -783
197 541
-1733 -784
-1985 -1127
-495 -359
-341 59
-34 655
93 813
863 980
-505 -501
-1271 -270
-1394 -644
-1346 -1305
-1856 -934
-1132 -1091
-1828 -1405
-1302 -455
-1021 -672
924 1017
493 791
-1975 -1433
887 1687
556 1498
-1956 -1226
-1152 -677
-1487 -1094
-1793 -921
685 1093
-835 -538
-967 -533
-1648 -1337
-1916 -1090
-294 291
355 771
586 1132
-1089 -244
648 701
-1217 -1009
-96 116
56 681
-791 8
-1983 -1180
-1321 -830
-820 -283
-1051 -233
98 507
126 866
-1570 -1539
-1298 -865
901 1840
-587 -277
-1356 -778
-1004 -34
-117 329
-1317 -290
-743 -552
-358 -199
-376 465
-1713 -1592
698 700
-425 -387
-237 607
-304 573
953 1286
-1986 -1839
578 613
533 1399
-1003 -829
-1649 -973
36 405
-1467 -1143
704 1454
-965 -942
-203 410
-856 -509
703 950
-1501 -577
301 780
-1628 -669
-979 -632
-214 284
-1415 -914
-959 -446
-567 252
-1961 -1920
97 110
-1634 -1046
379 683
-1604 -781
-224 494
865 1207
-340 447
-775 66
455 1463
-1332 -1182
235 1159
-1182 -688
-1566 -827
-926 105
-424 278
-1188 -260
-1462 -1190
-1938 -1134
-35 86
-1452 -946
-887 -365
804 1451
-1577 -977
449 708
-879 -788
830 1220
354 1002
-1971 -1795
-1514 -1482
-264 771
-1949 -1338
776 1460
-1393 -587
540 1519
-1469 -1207
-1027 -883
-1327 -394
-417 -367
547 740
450 1473
436 850
-854 -414
-1470 -792
-540 403
-1124 -551
867 1036
568 1362
617 1403
-903 -882
-1615 -1581
615 1166
-1731 -1297
631 868
-1205 -771
741 1321
-138 645
847 1838
-1662 -854
-620 -33
-1497 -796
-1484 -941
-190 297
-391 548
-87 522
-121 540
-1011 -967
-1088 -435
621 933
172 848
768 1653
-585 -441
-1797 -1159
882 1856
164 1077
-2017 -1922
-1098 -980
167 878
647 1188
46 260
-1338 -778
-862 -468
-1520 -1292
-1953 -1935
-131 645
-905 -60
-666 -198
-328 581
114 1104
-386 4
-1414 -898
-725 -596
289 1170
-1100 -143
-1040 -793
-1858 -1854
377 689
64 245
186 712
-893 140
-1564 -1190
976 1492
-1939 -1622
-760 -602
587 1387
890 1679
-398 -360
-1576 -861
-1817 -999
-1973 -1727
70 278
-1607 -1140
761 1332
931 1019
-1294 -479
340 1018
635 1397
-1065 -59
-1748 -1251
848 1415
-267 502
638 1374
-1587 -1345
-473 182
-310 576
-1755 -1583
-1735 -1077
-545 -25
872 1152
-1909 -1229
-1622 -993
618 1221
899 1688
-595 415
-1516 -1167
-1153 -380
-446 72
-1133 -1114
-742 -282
-1697 -730
-1200 -580
-744 -31
-128 276
-319 655
884 985
-1330 -1088
808 1678
350 519
-990 30
897 1659
-1699 -1101
-947 -327
-1368 -322
359 1350
-957 -936
-1759 -1701
-1910 -1339
-689 -438
653 974
814 1161
558 1223
-658 374
37 700
-1969 -1683
-128 132
699 1695
-1785 -902
-1557 -753
208 750
-323 -77
246 551
683 1685
-1209 -275
503 641
-826 -247
-1938 -1133
-1690 -830
859 1457
-856 11
390 1375
-1489 -708
644 1510
-1454 -956
-312 99
-1662 -997
-2006 -1197
548 785
439 499
-1511 -1387
474 584
-1796 -1172
-1438 -626
-1860 -1635
-717 -256
-1053 -489
-455 235
838 1476
411 759
-1955 -1169
-148 639
501 746
-1504 -1240
-1635 -1508
-1523 -1248
-114 612
-1129 -710
-1985 -1767
377 785
-529 -148
-1544 -1340
-1540 -612
-1150 -726
580 1594
-1544 -889
-1262 -284
-1768 -1468
-1237 -342
-554 -18
-1615 -1373
-1773 -1126
-961 -533
-1042 -636
-385 126
-1037 -921
-1223 -741
529 800
-724 -86
-719 -52
-1110 -486
547 1228
383 1026
283 867
-462 256
652 1579
495 982
283 627
124 143
8 637
-1253 -1075
-1991 -1730
-48 325
-33 862
-1117 -293
-1724 -1085
-264 343
-1003 -464
477 853
-379 -63
-1333 -754
467 999
-1375 -1315
-603 -199
-27 596
-860 -465
428 753
-1406 -775
709 1261
-1455 -1425
345 484
-563 -119
-491 532
-339 482
251 979
-1441 -1393
-1962 -1333
-1678 -989
-331 -123
-985 22
-1998 -1786
-1518 -1307
-1357 -1072
-1738 -1267
416 534
-185 829
-610 428
-172 484
187 718
244 1146
-1789 -1631
-664 -168
963 1264
-1807 -1005
-740 -313
-717 -697
-1022 -817
-1989 -1596
110 868
717 1276
792 1363
-822 -463
553 953
135 415
328 521
-7 989
-173 66
888 1658
-1663 -1619
-399 368
-234 -42
505 847
558 1181
-522 -173
-179 173
592 1041
-553 69
-192 815
339 1337
512 708
-315 -301
396 460
-923 -853
-457 391
946 1240
145 441
594 1279
-89 766
-482 -416
-53 651
-30 32
-1322 -1141
-197 143
427 547
-1012 23
806 866
-1942 -1614
93 811
-98 37
94 946
-1844 -1436
-567 72
-182 469
663 903
754 1334
-1973 -1144
-213 332
-2000 -1337
941 1767
835 1441
476 940
-1974 -1257
-329 403
-35 462
521 1054
-1508 -1144
-1008 -571
690 1460
-1916 -1391
-616 -155
-486 -104
-827 -575
-295 24
-1028 -193
829 1184
