4693
595
7757
896
303
9866
2965
3121
4706
6785
6387
2978
1266
6455
9925
6102
966
3118
3101
8058
3878
7096
8450
7560
6373
3838
8661
6604
801
710
7815
4469
8377
1317
8841
1982
4158
7475
7236
8078
7164
3359
7003
3981
3451
7827
2413
2584
3938
3738
143
4950
5435
5166
3402
4907
2829
454
6896
8125
229
736
2117
1558
9062
9564
3468
890
3220
1306
95
8297
4603
995
5363
4055
5525
6078
795
6266
4507
572
1516
5011
1323
2566
17
4305
5228
2952
1439
6274
2046
1693
8716
508
3621
7373
9244
6827
4664
6324
364
2732
2820
485
51
2249
8535
9023
2581
2805
58
4126
2202
8091
1886
8149
1614
1842
730
5275
6331
2660
1315
1668
7076
3263
5486
6482
7458
5819
4770
2507
9701
1837
8642
5084
7795
8267
937
7790
2581
4897
4534
1832
8098
1924
410
1317
8187
2341
8592
1688
2058
1240
4349
4829
8421
502
808
7250
8615
1776
2763
4214
2592
4805
9914
6672
75
3093
292
1283
6737
1206
4600
5280
1549
6599
9290
2013
4256
9364
2486
9989
8325
6633
3795
3120
2343
6106
5068
5269
5201
3731
9739
5277
9127
5099
9975
9593
4820
3903
4336
4487
1059
6364
6248
5760
9649
7324
8324
1798
2707
7973
3715
8300
1284
270
9710
9030
4034
995
9233
292
6154
5835
4201
8376
4992
9385
4255
2352
6404
224
980
2928
7153
2042
957
4256
3176
4426
4720
7238
6493
4737
3535
8277
6304
4238
9558
8358
1518
4825
8064
8998
4089
1826
2062
9504
405
5829
8138
5916
3956
1169
9
8217
3925
5882
1231
3142
2121
3355
328
5447
1398
2191
6996
4662
7967
5746
2674
5753
115
3220
1808
2227
6373
6094
6642
2429
2253
6872
3569
2645
7517
3738
3078
4199
1414
4258
599
7260
8459
4677
7169
9617
4342
1609
168
201
75
8818
4106
8101
6282
6075
42
8819
4056
5384
7596
4229
6416
8154
6284
7364
1877
2819
4788
9108
9724
5051
1917
8377
7848
1313
3606
6251
6774
1301
147
9030
2874
3670
5239
8372
6537
6488
7830
703
2937
4328
3060
8066
5446
9587
1970
3520
2742
5652
1610
3415
1791
4876
5225
9654
7927
1303
6476
6861
5740
13
590
2211
5830
4566
4865
5614
234
1825
4027
5038
2496
4374
275
7643
3655
7051
1180
2561
3335
9060
7425
6441
3383
1855
2657
6714
16
575
8958
4575
3890
3526
2336
506
7622
9193
1951
6649
2323
959
2977
5913
1429
394
1121
1673
9259
7929
4417
4560
559
525
3521
5281
5868
7306
9072
2109
187
7408
1634
298
6702
3595
1090
1603
609
2056
106
1615
590
8730
8354
1575
2112
6843
4885
3250
5002
3878
1514
2052
7768
5413
289
3111
678
2358
5884
2551
960
2436
5264
2709
2490
707
8044
116
7441
8315
2042
1192
2881
1481
6547
2736
7209
3299
3800
481
1996
6986
2254
1733
7529
3141
6602
3651
381
1339
2765
4449
1303
6945
2481
2104
2397
9621
2645
7591
3373
5482
8950
2138
2646
4294
511
1500
7528
4456
3665
2011
6953
6381
1286
2763
7162
6548
2131
1166
2073
81
3181
3906
6632
1808
3325
3787
398
8299
8134
2499
3949
6189
8358
1759
1700
983
1452
6900
5861
2898
5993
2570
1113
7159
442
159
4899
8060
5029
463
1219
3152
8849
8419
4348
3017
5243
6375
8839
8971
8774
7473
1161
8187
5203
5134
9155
9637
1602
3199
4217
3563
4168
7429
2389
8687
3649
6936
8188
755
2551
7966
3345
3855
2515
5178
3833
4451
324
1795
127
2606
9854
376
681
1582
1829
6192
6955
1544
6986
3286
1050
970
6213
5172
7683
767
324
271
9229
7299
2130
2340
2348
6999
7947
1074
5384
2344
2527
5288
3966
1675
7686
7696
7397
1596
755
6636
2644
5031
9116
2511
4033
3062
328
4928
573
3005
3674
4267
1134
5474
301
8328
9421
8896
2705
4384
1282
5278
1525
2637
6732
7388
9605
8385
949
4110
8070
4250
2134
8860
8831
7620
55
7368
6587
1904
6393
977
2396
9956
8999
952
6546
1218
6890
9058
9836
5854
3021
2494
558
170
6561
4151
1203
5556
4658
1819
1109
4594
5865
8829
6924
7821
2450
6536
2467
6316
1617
8997
8977
2530
7137
8991
4982
2379
1613
6805
6180
3155
8547
5584
1345
295
9957
6181
1866
4784
1058
2541
777
9309
5413
9475
3514
9248
6540
8334
5627
7229
2779
7344
9698
9646
3538
2733
4371
954
1581
9120
5138
8119
7786
5723
1942
5965
9024
894
1999
269
9134
7514
922
7810
6882
4070
9746
2199
1324
8417
56
1482
4785
6105
1862
3119
3716
3212
8113
9399
2082
2797
62
9506
1580
4745
582
3443
395
9978
269
1444
7087
4795
31
5594
280
1854
2251
6665
553
9259
2693
4763
9834
5801
5495
4461
1325
8274
7015
3483
6771
594
3631
8541
8288
6832
137
6770
7372
8320
9129
9132
5099
4792
1232
8700
2912
9106
8686
9567
8893
6754
7880
5000
2958
1224
2714
9345
7543
9192
9294
2285
2138
4008
4014
608
9950
1289
886
6064
7788
5082
9294
3853
9804
1337
5062
6480
4912
5307
6035
4752
5759
3615
1833
8970
325
3134
8361
370
4456
4053
5038
2661
1966
3270
8706
2481
7822
5308
518
1991
2308
926
8034
5824
1513
7846
3929
8830
2017
4210
4001
228
7015
5978
5409
3993
2631
9331
1068
9832
6138
1603
4510
7547
3943
118
2388
8938
9607
2897
5825
1295
7194
2485
5341
9420
8057
2854
3184
1727
2796
5533
3313
6468
4973
9562
9640
3467
1708
8046
3258
4188
3108
168
2614
3192
285
7790
7371
3378
4995
1487
6541
5726
4312
5127
536
3177
8182
7250
7284
3386
1416
500
4026
5334
1161
9673
197
3034
9452
1784
5612
5125
637
8733
6127
3619
8808
8263
384
1666
122
8095
4277
8654
8356
8491
5659
864
2615
2578
861
9175
2108
1841
6149
3925
6323
7805
7393
2717
7823
7321
4298
187
4911
5866
7537
8933
2928
6713
3019
1056
338
2090
815
2919
4088
8187
9309
4871
8532
7198
5954
3934
1938
5482
6249
7958
3187
2271
8948
4780
7149
9097
7579
9382
4097
5255
5667
7013
1662
892
6819
4039
212
6262
9812
8511
4635
1325
1111
2825
2325
2894
939
8584
6337
7160
1919
5619
5393
3735
7220
336
590
4128
6439
2415
2811
8476
6750
1819
8552
3448
2657
4492
7992
7451
2331
4896
421
986
6176
3739
2370
8265
5441
125
8032
5811
4542
2019
8565
9052
1980
8272
1371
2629
5655
381
4885
2224
9962
7855
1047
9604
9660
3225
6678
8691
1309
385
7470
58
8945
3559
723
2569
9884
3331
889
6339
8223
3662
312
6360
7634
3557
8314
785
1027
9609
6135
12
813
5706
1124
5017
2445
741
2951
4292
8161
3835
174
9093
6578
692
5888
7412
403
6292
3299
3456
3626
5053
1920
9985
3231
8933
5845
4588
9378
5050
6057
8776
7762
963
1893
2383
7723
4472
5473
7527
2336
7413
2989
2914
2794
4939
1121
9523
5007
407
4790
2305
2438
6551
3895
8304
762
458
8450
462
3021
4120
6132
7804
3903
5298
3764
7598
9391
8779
9358
5717
7297
3831
435
7850
9569
8562
8894
5213
9111
4853
2186
5072
4604
980
8723
349
5788
267
6219
1871
6363
1163
1518
1504
4205
3696
2743
830
6209
2181
6164
4067
7309
9113
5400
8965
9904
5219
9824
4220
5540
7652
680
7139
6627
861
2574
3040
2348
1041
2070
5479
6533
1916
9360
1099
3811
1684
440
982
6888
5662
2205
2908
9580
7060
836
59
7823
1030
2045
5862
6222
7374
2758
8163
7732
2873
830
112
819
3235
1757
2221
1683
114
3251
6774
2506
8102
1294
160
6700
1599
7472
454
1493
3087
5295
3668
1141
3505
2910
4580
8796
7595
4813
3767
6470
7856
8093
5959
7288
6153
3863
6234
3756
5349
1533
2761
4713
2334
7041
3042
9175
7599
1172
1739
4001
7618
162
6600
3163
8158
684
9934
6
6274
4997
1081
4114
1883
946
4555
4180
4108
2572
1462
5720
2446
3464
1180
5033
4309
552
4741
4398
2662
8963
2449
9303
1622
2419
1630
6521
3589
1150
6604
4005
843
2599
1503
8496
9649
2421
3301
4095
259
2132
5049
1569
7620
7514
6503
9937
5570
7533
1873
5180
9948
8484
6161
3168
4914
6347
271
3798
3628
8235
4390
2353
350
9737
9634
8471
8314
9230
3645
4272
8310
5159
5642
780
2319
4141
3857
3306
7134
3751
7021
887
5082
3823
498
1539
7855
4595
2771
6906
1805
3389
5443
1249
4388
3061
8810
8384
1966
69
7690
2127
9741
1565
7859
9396
3848
248
7956
892
8864
7806
2578
9143
615
8284
6510
537
5811
2641
9186
3246
3039
4507
9804
4302
324
8657
9407
1906
6086
2850
2662
6950
2113
2398
586
4479
4742
1955
5862
4158
3936
3899
1369
8597
8796
4387
7595
2618
5768
8799
4468
9546
9179
396
7097
6992
1606
8839
2232
8198
4153
7469
8135
5434
6297
6002
8680
1349
7233
1829
8064
905
3302
9060
488
4457
7728
1100
2274
5949
2485
4212
3376
2485
4536
154
7602
7742
9458
2590
671
4675
8272
1966
8806
6150
942
6321
4037
1887
9409
4424
1865
9108
3995
5922
2999
1882
6283
6607
8651
570
1267
8391
6639
8072
7582
3788
3951
1312
6721
8957
234
8082
7474
1901
4491
608
3542
132
8985
7925
127
739
5227
1384
6358
9949
6240
896
4725
5540
1022
1163
3497
2610
6489
7802
3718
522
3895
8175
5707
1518
4546
7882
3255
6514
126
2192
6603
4273
123
622
1330
8222
2924
4988
5744
3902
3513
5941
7479
7284
4963
9813
1103
7580
3894
9732
5270
1564
7540
675
3110
3288
2127
7332
1271
9798
5766
8927
8709
9489
2788
2162
8499
3537
390
121
6351
1675
9628
9087
8664
4901
9473
6019
9326
237
8558
7406
1497
9034
108
3027
636
6275
1305
6248
4107
3887
3820
6245
8987
8285
3820
5755
7433
5333
8175
6086
157
7230
895
2358
4864
7905
5905
1147
1180
6957
8920
5391
4116
2573
7480
5160
532
855
3607
4397
4042
8439
1817
9753
2644
1531
6027
7326
1932
8704
9183
6829
754
125
6826
8803
1288
7790
731
3973
5764
8644
462
7583
705
5499
2351
569
3895
8540
2066
876
7516
6788
7938
4164
9899
8469
9257
4902
2724
5195
1440
9235
8436
7218
1207
797
2839
2502
2775
3450
5483
6266
6326
5063
9607
7581
2539
1231
9595
9834
3986
5804
7898
1488
4418
4365
2581
98
1021
1993
1930
8334
8088
9298
7885
9267
2093
3437
6885
1967
8749
402
523
4695
9465
3775
7790
572
9282
2690
7051
9146
7103
4790
8251
7073
9680
9885
1996
1321
1409
3135
4133
5330
4625
418
4324
1562
7971
8379
2187
2563
484
292
7147
6100
8799
2382
9151
8206
7869
8969
4524
3714
6193
7233
5799
1761
3427
4891
6600
4340
939
1121
5309
5373
7201
8938
7986
2222
4370
2766
4432
4345
6629
8760
2163
5479
1983
7805
7281
2365
4244
7660
8056
8075
4767
3558
230
2983
4324
3728
7087
2490
4404
8071
6667
6873
8785
7539
718
3271
18
7535
1772
2120
2025
6088
5692
665
946
9059
5468
9679
6703
4836
4230
5134
5075
5213
5393
155
7851
9844
7467
867
2564
8824
806
4685
3000
1845
2144
8493
7915
4645
6520
9914
1093
4426
8397
7859
8049
5113
8393
5998
1430
137
2942
3393
8099
4669
9296
6373
1840
9630
5059
5703
3218
2013
22
112
8592
3815
9665
2808
2564
9849
5146
2662
7844
6102
4254
3323
2690
1495
3199
6385
6960
8914
169
5886
3560
8191
9641
6717
7547
8583
3264
8830
4600
61
8004
9212
1119
6657
2295
8432
1671
1619
6589
52
9709
853
7784
6155
5773
4756
1190
9583
6950
8392
9662
9547
2682
4762
3830
2715
275
7910
488
6608
1980
881
6439
1720
9566
4380
1293
5949
7210
522
1174
988
3703
7518
9586
1050
1404
6937
598
6322
4640
435
5717
8610
960
2695
3422
5111
1521
2388
1222
9301
6599
3408
5639
1052
2501
3936
9528
8775
1749
1765
1767
1771
1773
1777
1797
1801
1809
1819
1827
1831
1833
1839
1857
1869
1879
1893
1899
1915
1921
1923
1933
1941
1945
1959
1963
9894
7078
4463
8054
1963
7883
5268
2767
5189
9405
6584
3777
9462
4314
4247
137
4323
5789
6905
3865
6829
2504
495
4469
8433
5907
2844
3679
9148
2452
7650
390
1938
1136
639
3051
1745
8369
2055
1668
7010
9017
6772
8340
4896
6709
634
9562
2972
1637
9696
8153
2399
3387
2189
2505
8961
9362
527
8683
5547
3393
4082
9875
1528
5264
6350
2529
8193
7274
4946
3712
2713
3652
176
8387
2309
8941
1881
9612
8609
1622
9674
8063
6783
9268
9655
6631
1169
8548
9783
2663
5625
398
8864
1908
5582
4125
5173
1185
3266
3070
6717
4923
4115
2215
5510
3206
959
4202
5529
1383
1675
9850
3344
3972
3652
7324
629
1208
4007
6498
4173
8668
1199
52
4277
1234
830
2336
4843
1236
2350
6100
6224
4157
71
7401
5645
9605
2452
1395
6900
8803
8577
6982
2440
7166
7336
9371
624
5125
700
2803
8648
8960
3669
9739
4216
8198
8894
3840
2792
8576
411
9653
8404
1406
8175
163
3149
2536
749
5761
7393
5864
9997
4708
2860
5382
3441
9096
5695
5636
7672
2544
3392
2252
2323
8090
7585
3206
1207
8070
3381
8318
306
3353
5968
5654
9217
5245
287
7240
7697
5483
8953
4926
2581
5740
1892
3877
6536
364
2442
2831
5619
4592
9981
3704
1569
74
6601
5036
704
5482
7897
7559
4475
2535
2173
5325
8262
2878
714
4331
266
7850
9602
5645
18
1045
4822
8818
8004
4446
6314
6861
6740
8844
6920
3229
934
834
2327
5295
7987
323
1788
4306
3245
1639
3586
603
1878
9855
551
4714
5006
326
2375
6045
3660
5384
8332
2820
4351
4487
534
3477
6437
684
5176
7185
6763
7387
8067
2886
6230
7866
5735
1318
4834
2515
2855
40
2601
1223
76
206
1894
7782
6381
4215
4666
1773
494
8789
7199
1039
8870
4033
7148
7591
7109
5614
1592
9692
5974
5083
9042
1638
1809
7805
4272
4416
3172
7789
4470
287
9267
1837
4954
6962
6814
9377
166
7019
146
2236
6062
6525
1170
2712
4514
9765
4776
538
4773
4046
8742
4757
7071
6192
3474
2190
16
1240
5506
5296
263
9678
9492
5393
1634
2019
3873
2516
6022
6186
1986
1729
34
9081
5059
3762
8447
5663
7160
5967
3546
5224
9614
4844
6933
2639
4963
9345
106
4291
9672
9610
4258
4749
7349
4800
1734
7281
3838
2985
9603
8131
3173
1211
6099
5948
9776
7031
4826
3069
2941
6819
270
1571
7907
1112
3979
2044
9131
3358
470
9513
494
6148
9472
4644
832
4276
173
3411
6302
1270
7013
9966
5028
4916
9131
9006
1266
7967
3805
5254
2192
0
2427
1607
719
2161
2299
334
5762
301
3851
7489
1645
7620
4889
9530
4860
3412
8688
9554
1400
9621
5860
9826
8566
7987
